578139297433694864787844720824817882813052801085,
1174099041606083311077642509029564428465028902835,
1299588479053638370372152470839904863362739256237,
1273067059784354926401042597908384554708766845211,
1365005388255450843129852742436581540849091040917,
1199104958095271363800227156499011155960614319895,
1236181643995677642082064879921027136624661214460,
563234511356675489348722302276878933188055283979,
1183760371380954648770048960400852240257131963236,
811572790058669378986761008434313009738257233164,
1441839470717055835665284732537952811420943116164,
716018292950537407154373222125600251142112826979,
813161091738307604752552542719178408823118446186,
1025384526723057878889697692825518488759766024569,
950665657220055296879497142162883236624746695730,
308546498031166064564104239224910125771143769496,
1165238988087749215559917442293198910994694843376,
10503730388070798348606284976313353736008572482,
1245787006665496313559836558900463807521524520000,
1314266695166188739691195325196579407695526404770,
1423890841813498624153546624499726748338832840842,
1408054701493329012552742502375369868374614453784,
631650913118924994803268429764124313064918520612,
113520231749009942262962628853425483741005993856,
385328585952907841012526184673393670966634092523,
1215218880979486432694459130151249486662519172229,
186241769879198287652880458341876909568731804314,
1268693619063322390507345459283744667235254282493,
1059512295015345344654435790842584071009817830509,
260575284815910687601683569405121149937251020370,
1391057280056849653100499631355513416882411019256,
862735750199577723397208018526687243225695343799,
1402820130671522241008595074237421416671525831062,
853975733831707244522878096008641134248375465005,
1424029900457450935153515142829705032451510755012,
152632213662125063537927245140023075645682283076,
1377334170366577066771269115047585697717678687919,
661691927760981721438369914890492897853873236647,
117631255982372905330520994845939945180788040067,
312158922071034115597164813841612468400118265889,
945536058603373327340733789728711836274092413609,
980489529855450536097463145675520552085245375234,
201220812840481171345123888011072099393745373845,
1132135446253754922592196498040030793673475121540,
37402448588398741178416998582048337842749796004,
212670579732451913107719871365779594453386032973,
1381443613601628251841372013252108998971564756114,
1113542060460244875923250259638844453813841406456,
129389174051251242160871758558105097375313272743,
36318079668138491842645733985745010271568649644,
630252431336816940929706904780856571493755158799,
612309191612690471262859530854045803317167390099,
920180263234884872052542539228239868427117668324,
562066768796345487768362471757536035924557420635,
1390339428356974880331696187769900734888254495037,
445732261387738972885446279325001281362200036084,
1036518039645998060787151886257188676726908273261,
1177836756190786631894260391552636303877272056511,
1020985571288225592292072474650837367172055220858,
271933511807695957132971768805417040879923857962,
714846490587004733079248107119469624361881182279,
1064867468967525223204274845399505938294697659158,
879436304020705575202681392045703434969235821600,
678035031451664635948958880916693150478502351270,
796053119990490465915653052886365533207582330685,
889444155438962984107988480676049276586566466874,
1175198125789454344915284414921883260141433830547,
1175751688438756145098742533179878980084137435743,
196352686029741869625971544555264054951697385195,
725939364270622611602873320123515601526400392483,
1427008831320806735597716912312300026837224435120,
1082929135745131768220018572891310505453424646588,
538277039589245961175464350007361218692892784137,
424199960141748554937820487334600441180681757417,
1007019192437611837530303213389592605229324552074,
611671842705839538892262859811056658888964339877,
1224357019568580888724555038706174220084142419081,
256502603346767756233703118551710725615780867976,
168865911150254376666371896768371085767806076404,
1085485183835148257587322114171537095652714533576,
1442120375325038338269991425650109723663994182110,
84108662593458503693313749151449619726127321375,
711492515185238663688741966819536049426776076353,
617907035120558793842538864458577289848983675896,
195061117099400677588364705969797314022725453355,
763898564768275620727611042455829053470974916282,
1051452216137717668081191143199918991818341434701,
107329665876913435284766773020205784266855833605,
1377267898726323688748580151457896553800207304380,
410704798885844329679136961402170791108830698391,
482440819890304332302464445547784714591929831830,
191492634614884726666982891111930203248121466242,
653498397223724295987458494345781698059112272900,
1364609683471900160230078426050239969666601269152,
809029544569041188445123297584530183566376400962,
1357608080332569818057439280445774296132104611323,
184544373526612067957507598906046648067091814034,
1249308711114652591496757803965453692621718786830,
667126460632293785171942329299029160052299589360,
89545768160754498616064844441557182439068114023,
82486756648508865882900881817822660723340239054,
1208142625211995022530764230919455390584458546792,
481268653311501210606688793593019401486455986412,
754211557385158331744401064006974448898781943359,
1242547291334097719453373700604894892135048503491,
695945827199468941044403642839529446243421303750,
202771525764893612544704339255217740807496385458,
227844655176184999246440909101903024446375309149,
246347007748130006217428428488148597891395648256,
292353671174193903823271099093860115128451630769,
1372381939281335762115708542251796393921022177016,
474097461036882112957672789074858226223322963931,
203182624390142381873763677246090539470940873590,
312452914865720971143334438747598585431890337097,
280972225091557849526644966722432798727789773684,
19125991313134458321975459162477579787922401642,
1267116128508302120725882129863621277255602926930,
436966360099108712062153110424797266216883075676,
598908235575707660082788421405701448752675798117,
1329760528000308979707310057905071108024896954719,
1361233823886782920061607895849106593469270146726,
1457858635682530602484612319523693620959098579743,
955434344895687084735745415398038600644392163182,
556497127122439843177413518648018562112686253080,
1420191409306335270051975497211399674615547571277,
30085612835768615710256834899823734688490201450,
429687722912240389499614628646087207162451806815,
566534404096574857472328081119204625416066007344,
846564298054083728603255850256958593992121289252,
771027942998285893697854254465069080643035137321,
890247470823360881630634540019218146797884921344,
1014652221852748943925981273631732217957111596748,
756996216835687622789469407207220416377946844455,
1434646473397794107023874747331095017801579778575,
876208410815359963023952841625439548658594355899,
642846601986023757330783660466454173155371354666,
1109050454547782658239948718890642796926817133844,
99542487374662586984196023983026792512202304507,
131632461402995119245765589669593007964817369723,
783850023705791453770000812905633811602546442421,
1438567936020123479362658506052790981879534481052,
594078622456253239860256249800235016614418445640,
464373129056718376938204596332165277859048613935,
232061730001802299701968149224087432973111871618,
769564159401660205105708693078961773463356659473,
326163390993359458973869338847631376682292577736,
1116911345197292449299689067718697881104270619421,
1067890459415040502681336785691519118112163825519,
493307306366989309982604595217558052709671143436,
274975671127546592947939768854598967440455417767,
163101531693140201607963508594634712274336646704,
124986235956526279797132870698713356799612273428,
83507348519890530801209136748129973088937467171,
145495303923248957339831141090803556924114986674,
1398259289603764468488114887676269394230351923138,
582451362052361350912987388457865818659359114768,
1283616414689106534327528626462474727466714109129,
1143832176790272233734917373195308817314271318116,
900466057269828638753413648784478507742086722705,
172149220917513520307438946824976764410023120653,
848817800470320174484956554797017083907311929469,
6752921771643056340406610563335525580240669309,
1157152438288623728266702838550763183917837944974,
506710248900798748413090849635257689571330064447,
483962913287950907534286280446045439890157477083,
580699136828102725421304507958364403810985583828,
1398764264732207933276936827904215824135718538179,
240529298000603964969834112653587467198386575640,
1450699012296109874767293716931203961913695269901,
1152775230074701749710875292149136436716440053685,
1370246340323718175926677822965692331006799914166,
432282784103380393336839832966772409889083495025,
822123077166432306598845442915386201166798687955,
1035327280817647819518545958640522661341559799903,
1329026363654584494797013081437832127821487109393,
752254327856287742741735173413898814941412248919,
1170265320565918322846228471956289173704389322103,
1373923570986120523451832779344891277305950798144,
506969909370727049353023072330819186329534086109,
908027188207455479176391028969095576005458882306,
277675722464082482166423237080559782959585923767,
845337911476275624863910940690321260903230834894,
111093881718654755813105503973575765516923486595,
271104823349093221819875760944943881154026379273,
1447423073297806009788865720083786826272322637019,
1249008437112443765903661905480957591018985844068,
1196561895383505684859028594580240054965879425089,
663329850173515490875353149723975024269129438598,
166040579035496032084631997783477102395040111957,
1314284702059071904726878456174902332178562892592,
1111694011745693206977560116752734409505542340963,
1214669661986844073152696750784392380043379700218,
584643122461292141389086740600398657228409112311,
1015775633774131651425315196291404283115157229785,
1312538018524476278347841504242150635216635917260,
66232735012204602314000570746280440263902981312,
1034214082224679752673098291809298993382334469643,
173423748936501216024390074470270815558999314421,
1333324161126336395885540611167707547385145833043,
100235334367249657593505995318497760039739016481,
169652842025819884956181961847493959753172352368,
1259860716045043763904168679843016292661355253533,
1133427539665163306028501437885510423921075718506,
262916157910747119996383809582308366659038538185,
1024996814628718622302802993534718617462669462115,
1246453818954635084537220758083570184485597920487,
1123504870338521548194271033078179156378906574772,
1262338092589512165609404095946276806114129461003,
630924153000174730359660526501251102931758016896,
1051946665174544092881129524958447671715780940378,
49816497284421874175235136196588765510025384146,
640569760886544615195417797717453584160516713408,
353595458001817856681014813881421651940082238692,
296632441213521674946493017425511817921906092526,
1209098383158342897755004847213450557446113190200,
1275234431621970505886846355210465884446357152433,
102003215494953810923443460776569108152911472539,
762485857555094657295865795129308816588948909081,
975136745801875129381060087324589228899607850400,
149131243231667675130653063593746136127129269822,
486640428589724331064405283936600965956585031852,
316550968527281502602699678297195823179560530669,
1221727568437293420120675550010124642294554996292,
951961995535749132168191711988491733231528885376,
14039458688702005474419861349842825516948937471,
644962893323299351948415699184456043382152325154,
906074024516073393900933532392828430401954798956,
139019524172371174327985359948041689669356578200,
592058440341018583036305902198066396849744226051,
497517255174053458090643224597158863088126355090,
132745493945263522481178742689553330747038192771,
126787167751388501634029090729808018022912745755,
497067604051662180399003474585893211609374952444,
1158381995323622180491575866312059311869087818747,
595382505227275240202397057460109529337452586796,
1011500267485791897848948414851604449619582449798,
18743981793625116966227698718195803940066299832,
272111280114789217892461074812206587356217392396,
194681028504971607042423851707324044218269346474,
1040228728903737746084510511273527482857320811542,
303080081036964256044307387093733539465579788192,
436354437423243508463961716509176257218061049942,
341891837647244714102195001766418578704212312761,
5251507764346568860430000335584130894397136712,
1037785359825970346317757092940678077914305959241,
890866952698683037332200461817192625374850191528,
1939512411764919704157754763690329214955434662,
1451773553385062288024534247087677509320263357978,
750357944134634291423968879675666759324155247667,
943291559908512692130280533314267340821762286932,
1461176850819508206432396261378507393278507493916,
783901637300640510276045421581175762882062249257,
905055186503644590966591985931341656912033400132,
854264215183839906411822565107012657193825678111,
1329993213707763416062355905905863188101777460259,
485685751346466347929535257007599350173589604639,
499780198447642708431696789462152708092180155589,
1415264127949984497057996533913698549450001229396,
662498818022036038185050482072503203982731095287,
494692800324400887628166314033739481942321489543,
653132758934247560758358394339407849045938946938,
1366389090872028571983582365974640816899097779723,
885324654471077330812894620367504605249714027293,
1245734863146119722434839488286953774490832725970,
129381364702289822041809676863137025019179947219,
1391076255689909306029230802581721153649670639080,
993104779398959275588796700869628914998796135547,
153837397423954128804796200555809463712383983387,
516220893219640340873259864500371138996762000330,
808212313369148945682695913890991621993882146617,
593479249722636217912407349132786553625109352579,
348736624504964225378595196455131651907326962106,
1288073057296677630226283287281442963810542786360,
1092276112232468877695206163968482812682190564305,
1184454396100113581142623765060091703945171181561,
1315078473629997699370582544491745998621073532543,
36741525541762908270231512841036981778565779758,
289367288903903130573967398817692225764850277940,
254302864840098809530138686359069246614318241747,
1199617697019588912832778559163218333641512806687,
155974548320383307239651677449078146701074122941,
1019924002132893245435956181882084351755004134115,
1191006828742018006611235122304041638160459726032,
398109528419320913082488739512616427609944854500,
987339757020837399688262946430072100942400461040,
1377142600060246136277328361101202410306629579679,
812022119199201673739163878489929275882594819356,
128401365279822570632376511139464795485966837916,
564432060832115413406667836119456602975598923691,
1208699721421528650020631379886900912415406367206,
1014399886061506996580747335279694792640486829483,
389442239793558517474432025197456217480223465130,
1307328795431047843299058059673971284101976840295,
789467218788000010826692896250730199430221261746,
1430187453212757791750521798905561853308156726906,
1384570410400224586036952978791966050087655544915,
593313818535437507952409410104275128966478257402,
625928368433972302146841541323202323797312615217,
1255510685528638011760493707505015291235279605444,
13485632808111605029520567743913200504864086124,
1171091365293649574930193212184415297460665375438,
115640223674588588792939428849651556750505403172,
794164660283541800683686125913307573508644269771,
693364613213680904967610573010695350502384705178,
443487446584220153667629862853368888049869916223,
1250832126713771592150663626861839165694933798015,
1100090347739798104080100115605824475193070051077,
1437050067830826005887561002509029313762194551228,
1250780750211931301955479681326824142868732213395,
548340529465417194697221825953166239266223299058,
1265731358699558143544176938448002911059246723907,
383842378159489857969535733923868298429618179644,
967162241013322990685205045365156821760579797296,
996449184441652555247783698046221305865047330294,
1013212538156412430137480225802154581529585267200,
1238114074355407477537643168977284140753161108616,
1449396454314606534808017312763353696736703428863,
1116256823664670916136327463224778030376233994872,
32797308017659477150459154963722293852983852284,
873717608384094831810957329779035401740037637404,
9631489392084095611950973475430232673861504407,
1038416918196598722865318367016358421585056031776,
507836702567491321683618631732505483196584519086,
530270405449736573216236501158717782760285306100,
1094866968428854387238174773421247009955321248213,
644515610365889580700272050408251385217400423921,
1028730541346303602206210364716951387539570169485,
244069292355434806987372996507638339334417446714,
1223058507813741307199364386552587905079025523375,
1383055412406065576766231337356185499311705687516,
913235402607141923826719790711255443670352784598,
686296314766752646643260441519891497446501873504,
316129273755401914059238992872337803263700215478,
1358650815021325700099974791455037321901116033753,
124289498752688810892432848206117235353643702820,
319220350774650783469583630821202678146842830412,
1286836024436552302476999370044679967341535032399,
1120618883504902732520455252776852916016789366425,
689241071892848834443190939525576843128684474000,
1109652867808247989239262174027708725860718653000,
198680490663862156556018825775491635707791014534,
1402130968667795079773955660765117738662255373166,
943112813055452956284478128131041973201072361461,
294135719936709718216282089993603798475141057674,
275345386885102985567243094461337839892239906949,
1214789511033888323306106989001585703057249604580,
15346267107326244204763458632928791618358576344,
1244192749146605358965428404064299794159824236310,
776958144815305694153871246735885325340662170790,
753142493808765473653292866367802606896020803131,
295933271281029981225251831765007861042578804329,
590271725918521067882797831816738056877203625365,
341925056067640931774951981773465779620174441969,
376714647181885621486542984838920019833167454480,
465646067592050075792488962409771798791972180503,
1441910212997166355484032753847814651583453740157,
769944948260937091761519904938267821912334876793,
1086444204461713704525330919818409839023704785935,
271940041232400986597490086655493176415237552323,
261786446969623905296002045665284956264922227603,
907729098510772147359000491116704439273864521015,
567563337958852610069091207325611019618998806129,
136822954607239236228752338100103424009699615689,
660578872839165873113205432549732439918548051184,
409337440345367382986618089534819600870877980560,
49126857719600984869453172672358029940393160802,
45264927322972415488439803692937715530812640315,
1270047149877812111579152969815350115428777070725,
1058695592665912906356746141049733571728342795444,
310979321733071967281039833698605771583020833203,
342750945999453652938142522527236189087581806966,
449228856548090286524540618228519964400779708037,
266847784015855475295506779469515405193376176215,
278547609890217649256427132666948723410019878639,
1298884059389605921769593510364643787613972396058,
828358177749278782778921409627936785117592733742,
850308450249463450828553452864942754546896074123,
1093639186863575418569677427496763781753314463767,
50246173039095234891931456470981925193401374551,
1456914074863155767530975580775158278467835563943,
1456591160490165745227480943692553652170674334624,
604823280361800629481220730265593098211461073549,
995603755758252622803148925295942616691345761229,
1321944799291998722428172691325835609032706881596,
467849896489805636472261264707757904949607455271,
506570318749167778107049344023069769873709288649,
1169599707393371260306675941394106012846880721288,
967211212192814955148243700956707961018959677612,
49453409754491059357768566649596323381979619768,
1190814068083357370862893573071868238992958037756,
400252628628093875613786676177954694100509785118,
201297229955193903190241012979504700745299135496,
1288925143962795584442267357944213799911664750308,
402325688812460486422559143799739040579497357444,
922056674380175754489828813747022639347196324963,
492798644982795533594120215784037455501305197594,
1355017666817599855320530571874318994691009095308,
833289801321794883254208239744470632916035921735,
273855498229983939823483954599106013172728212381,
51228287929199490443971181215539344791520320936,
1425891046905594834395935552738112212402211376469,
1360916906317360358080010678060470023634000828094,
354213904510579973385506719398851868604649815472,
1002453905569703313010146882057855168770542382745,
755377261855627403218326227616530476714926557738,
500240975362301226653570786917142443339022212299,
1114030116104538701802920552382667390607275568730,
914850879475100074826036790312936118582412189689,
195171814304461459599005634962146970037604983211,
36031490728823517443696659052923327204594610616,
1312903762603610750697553364506890035285072060353,
657080333073138915928093066797829407389573265355,
285835370260433457525503583421486299795105082351,
518001540188034593571486010609629215921379704543,
717257982738659259793721435368202085276617944772,
370532875975790123794542961855846046462129926683,
518046373385801754192130834296646825709858076180,
587819916771802381031310359621514396501209473760,
1143604288392083595540018912616284980229250840929,
1260631121266347790698482679079221731262651498429,
169893062148607102138758156597093933377043719752,
1439021072471252590837128978846485108331949472388,
120561914906809527662355202567440114749786082083,
1268140572140133179102485533466800142362912723399,
796210537475234124683286302661157628299336604269,
724066971255062819250159861110171038659639389977,
329582412259861946845070678904742223215401824674,
1054453013500249554477897745058762680346587438219,
1335929776019382079842310680580422827882929940884,
654750726764133506309248228225745979532967946937,
542855045217848158596535303783492722376663620017,
339753685339125848447432848293051358857648161521,
1373040112707160537661194387903376768704150885560,
1376066825398683714797187432333608436668216438499,
1071474910400963415230750529340361583121766895771,
236316186431609945016921751453513033235042041217,
1065014679818507881729921590229018714554162151501,
548053646723525814499174411181806114249782174891,
784672296773026507609171890617605019783650967445,
657015802021059329272470607614457711674719887031,
986259059314201629497832783047560365688228056143,
198781870408896410107566412708320858842975535518,
1423811749871598486134209662272657216119344585160,
1306464156511923205188065832785793818669713069015,
317848526513585628194398300930362765540780700174,
1220870169605590895565627993192800213950816877248,
877677601681051737434464107592535701900313064034,
1025849966168403757719599879822085726366393296850,
477472744958975833948565446843146574717550720247,
1209531968046935484472845196815571940675578710873,
507731471377486559853913252381819711251743581181,
685049614930641291218606237085097409652639953730,
1392708360242761698162683660106969742480882707958,
24165823467151478188131935131574179291188085731,
716176996653677689539988676135259773406542378317,
202798952104701593246466814859932684957296727705,
1075592025761603812582123329396627701471191304669,
1223547639294439594996818706204746849655951947788,
1211716367388813810981318446849607181303222632358,
234769961752717424165079262775237024552889999180,
280043692962614568484149544791198458583709115646,
1439365108869035672129623241914357099268372035164,
1402622759058630438814772171308850934547227068449,
1172277490900225372289924923457927655922623896171,
982909797855486047074935558753645874146758723805,
807698095683603208951265227114570539028838215788,
106805131304307809944491052031774729456775276803,
376106126287772613471041948858459790445433171884,
1165358857526443336304499251770792720302388366702,
1152099914366054833664446701012054288586527002886,
1295657781243399469087156258925211276791445514710,
88069252739788378875635741851774856730759447620,
1246964314445299843744504751743126360026724898592,
5942546051450922213689334558108055026511255801,
667966738028600765607381128858682045966565556959,
857746704178195087288113422860269210503863143508,
1403637629802225315269659117247648660349149992504,
710175587552871397817971147840507450361540020517,
850039869842063663731754779961476820505187183488,
915423420665137726924072837798109849241717738742,
812323076747124254729704053449556847234008381784,
669357304444880528999405238420585991356731080355,
1190270290257567837581111509357175285656708204147,
1003738479221734870219249052893388910984646724803,
495224149147985739165114748582176862151390273439,
1134861225274589694649109529849515303546764633455,
390756965128227655782161295368364166551293119537,
460593167233366187057130752548344161154443315948,
737345807196413529245140499209869291988118464953,
572247208895283529214338246458507723875051547353,
379128948207576453453602545319038436120110040123,
282257588709574323706223215905839505432428163438,
317195197363522640544110255899807824636190689982,
276251485515086187408969450743266495654185604822,
1342743325352949374797195053379325539133978824088,
879613286102115884362131170957896895362020595108,
720341400931153073190102307352849652591941872309,
583555595179634438303334891788368867157379452573,
193838596812476828358055292260540344245588588623,
930983623210735719823291545427970799999732719729,
848517108498473777670021147134010145445068282552,
766938931480061352231777111235471302654324248082,
3875121386454360180107569542743722863548670223,
288435589206053766423333909142739750153653091658,
1180112401938795324913188763254767853894892651789,
1251994443640148264625486778929177899765176296163,
645768143310679198048997877067529963778927231116,
307641311330182403636280509538744956844402711087,
831911085612253757347419059612887033071650976999,
476840650556945324887949142679547036224175209440,
1153492520658701865729899701734167434179290460848,
773600757519753608166604453518551802744784906887,
1329675319314514838613116405620126521509297954765,
448390795847057859860023448797918164584972031185,
733073833918126691517252480072284492901774992011,
556370178507784948122380404175691228062542304014,
348835275215225268402017908356066875888091023768,
1028170370140384973091689346784389686685123856669,
1120453614700411708137901351073371816983652804445,
789570896204485283956500463115668393441650257805,
1178495614650879634224204396575746397366745633210,
1126157056329954267751460394917950639184354566049,
424443832609889695319209260319214674250460686104,
153074275759257922199243530337470963452877257673,
357327086375385823603636655593263797351085072786,
177356420121825223051958952516567071723251963057,
261121279778508242990210897667811311989924341728,
975814626541422367835653420015554985474533311201,
636405832037119679634018641138960402294939196685,
1212941127457316565840770251314546548673870149116,
1295762259961496669649609040090407725369100224048,
1289326122079368148814451183713166013177622059264,
665692654763412848153359529338861097880169585864,
651359599475402571636769396281947782442827577014,
568482356480142063030585712790571112195186658306,
44969455889400474190629984977155838128996736337,
71609134305712220396177067110548996014931428989,
26595139088683223240868018404270256818593158096,
755202409203263500298083979721356804748334663859,
308046953282298651125404928046179598520363709808,
1040019639434040959089713603507492628272587055162,
1122726540602261551870343048688049064065964934639,
156622078981325777733904815137002837878245138838,
1196291572051614333094639118898713390475931607129,
1313163160076540099609853773169626088539864500231,
809554792924823849912340497819814897872819930613,
312699636328231808448733924734560085973503332781,
170889385155779080495785681400989010686377994693,
1288445157485551337734799513374729747252971927634,
1065309250831210496375614366090019339111103510616,
88824037522751017173644391309123148435090179768,
575813731298790429134095529849010012545069950819,
611624918168676944513325851390798369342287881659,
685647641800029206542761470876279796884524031680,
633939831499653630921973894662340307846995785344,
368062164085710232772029933260194609915523092847,
871941181419807731304983123833024319398922394308,
1079727097549750041433015452844399920283817387972,
105007944309151911180049337400883038595732312966,
853363620959343913033365566083421819524466768143,
534358793252326283457203819108547030578593046856,
1158955255392573205228172772208907018991731365603,
162479990767146535451187382844180861730882643561,
1217321250069894260235864564039841722834397515964,
778955124075897331921304268828754492954890560601,
1100837274551238396076843356724887775809727819550,
718962127973636413232083391799875631236157309377,
1250133909199402572208575668036433016873267202609,
1164893689195400383304732587601833829275166542528,
1415446509921350714682552104933314195970822915987,
261040928045567765502384653372301521605569905828,
408570655481845351263251169548968452080559059070,
298164733760289969846699221797159405029997039900,
415891334129315041400268384467645817311139918576,
1410530920289377608730467484628075832119957702990,
84280439755796412505716345685403704108205197411,
752281305125792938658375285824154992994987217886,
1119854124277707004490197872744336641586311211154,
662655576172276059716842407972876144513833264613,
173889181423258856851875132668377389117591076855,
489927225362406916273479771251582370165348808691,
470272255114305688945655460975089006360888882521,
140694902777280081606929096889413975656467030518,
711443341000363135654692875160858902783313016089,
302964835587806588920577891266835879408101470314,
324779699096812521771076656905418930646473516772,
292128441865550582413372814856378430556392677340,
81335366870442294399609568019165500480600036651,
1219058819387487078612692286960875064010974978800,
338663322962611824114042595682381774234377604872,
1181350879448822838210420433127186198530192512880,
1279678018064170830602011581767167197490502336420,
619142068067347851195891270981023061516900724326,
1151980696862549648552478599835728715063355323250,
1193824977729718499604997032489294709495994347659,
530665894103133150302557626553217626221274524124,
10786124846227741965415103847224399059098120656,
1233069634984320997461024067147482461057043572830,
120573900950667622342697993051845508173176063519,
1160548986961362385510908054747427841123111129583,
1240488946788223720845970158571394581986602899690,
483417754092215133233014069467848698382513939223,
1048502225307133870270537906218366319421148100931,
1351581559913744253077062952134693878454058958143,
115732815481505817377478585923714644276442435569,
765528581137832064385038060428046423846970783379,
1056449306783897622098595774590499412256710941111,
330727909875603559672588229599011187283433145345,
956635348037537482584576737725357402450999365203,
307380854615887701603291228637532958670556718934,
928932535763072405570283086971731619530750437793,
212685579007884355863853635605704643155149145623,
1026026808879141300273984311818462679544221707507,
1297568793807788454383655959442188580551749849814,
896746450662001539408049911872555668672505079755,
73278306915959577828649331756624361931417851507,
334699694497150727540032924289584157569602101768,
421765612231545984582300008313275030375662959108,
104090844781561210315069460033684336553430490408,
1011312650291929311353404435354835111511836474977,
118466043858411189360323446413465792717492971025,
975811185188168521991082706508080465873384809137,
499920878439491761696107357521370215506665518613,
991030116442102175876938428455126251365856095462,
279847559141497610563719854286746030023760397513,
397789561375029211262608058143537166460889114065,
1008047995304615132367117953680188492864310330621,
768011169710036463828966084291661836302085632955,
260221450110875185520615439478256786038814334608,
1228161161036235213082487674335339601920916545230,
709123002214900257203305132409656451594664063443,
101190981964048487736981696951389986000061066547,
612061309630153388761183136699111899070333525843,
161807288023059458422566271520167977184485472616,
806289825486822549312607014136599966838331577157,
470672657616364301865664170469229095042295017997,
1457366450530534875523819379801048845414378504921,
35877628370209031578713267543622261589705091791,
436490438573617828955144669717689694890441809537,
845965023440820093954878054147027543976232682277,
132049204519644966842489854655351972697215310763,
70291646607669854097097757557668298898740786487,
60899812535032557413735304255397528907606225139,
585247706991650685284581532162840967010048305628,
1153929564501811657876296204796985909808151071410,
621879544720246358787921441114228752486659155715,
1353105417745952122298135440163959711486417708309,
314816227993662084758287451459543844224826042344,
381717379593577102089362719693670608660413070447,
996654888976612462433934295402916915609156720780,
1032274132633382420546730401777628228308211934052,
751410848173903997435114273720095245818891309450,
307344024267317781676169096892311303834733918344,
637162442042829188599942975675212732638865289030,
298628458277361549737324670322827252288356632400,
341278128446062797623366937034955685190398223927,
1392991146698155838123119107694345619355749956834,
1237576354992261984584696346349053435216566637814,
1047817696797970698911318569284376951810094673725,
403215391419785399946105278759896970960415567873,
468987273616411295358427208648408190110445674997,
487734017174022869089727478765488806735441289805,
477577198110612318975905184085158310870001071491,
1428146727605781248503287450283688912071551176889,
1177396870683634744882742274044367022420337004498,
697130703589520261749473423031034197709914152697,
1101145526955664016793739531001684819178387564603,
784562752235142063587293159585910427110708869782,
221365784765711081934751332370342170994178185199,
35815149517160036357234094749860034935598466328,
526947425849513248991079159791234937090250532435,
1279454977224300631546860517151695938939034807080,
1041474825697313905175297655323680648918250397378,
197551142634255058298304423362587610363317366591,
154344909827336146807639062401714259585020156398,
810220766714267521799064295931894091239887409727,
207429341046968980216701275237121911325016962598,
272625142711095259888295981925993845378920261582,
1069246025162109094493662110132673374504537172587,
1289322233035733958654839992626062122297338349876,
717219475761891584223333461902745805027303376271,
1305064471291690886791742908044884616835505707445,
341782063566494310862770331839676016229758447482,
1029336130537473105087945363652754248906000225367,
1015319439619581449672834393711104099002752852974,
1316218297144596215865731500576651411962846927036,
52642484346763194402991916542857549333846737272,
213748727706267205052603221016939011078089174558,
59550551515151262117277042930480539743589058293,
92966324301908394492217190182474071093662650428,
1203461276981023650391157813470408379943704137325,
833177796517633579911550145229690270911714560714,
1214093308670664899362761467262233651089969015900,
584564328481070272200272633510557292826632239639,
424161136069109444817604481444521477192726578542,
46286672923933552887459672100425563370546896301,
882952181008548225445161010282066317647214268599,
829690560835619572639160857980625532144603167273,
1432264132585582369175654093119063319400503639153,
390858596247947722200781945175382093477766691808,
200878901468855230990969599231080921107546999919,
376855875606990101735575275746030163062278084829,
131090627801494013328314083571970345932911354598,
589038561257150756057883106684592617125922653638,
412188227335324611053982921617271881544396276687,
24450291452966358776606055947900609569550853550,
605971128267787833428605391451145780809223526492,
17676814012735752293879876463363583199861155513,
792252338298609119545708324504502989907034881635,
309496723704465771992679843401487086053189782338,
316018611470831819617803519118102725592353602917,
1456589115900022551217657353224038198862791873,
1100148643451474504082040452562341356562255386293,
172380966817636818152423461808334309666135273850,
599118517753912316762876213909813970777145496206,
923398526044027736367355319555666742926360167580,
1733913696511867957583154261344317981926166238,
125107699878841224764237490860599670645430758393,
533389112526961367000733557012679740090541760549,
446792927134103697398865493843435098092259571865,
416577944179484056292754141644506664945343466461,
374563857137012828108873401211925137202848262801,
572198127550227687858249649909619681517008761779,
825421124887624138637302739573012125671134815753,
215522065044748938958621652798886549844370727781,
1408755804067560836162264817874892882217740910153,
331453279466864628631231323992566368505764174310,
876133030270555208572086206062764565837705492695,
640625996928373280155021819811973285645110075189,
955994925672344947297489863362910613931629752788,
775913055425044012166158420402900306298197788705,
211249574558427675469951413398796720241648671414,
498103699734720994926649122534928950619781514060,
825392904581464311491553535481665298400183117862,
208555890737323016507702484909322507714932037879,
1218926442621192648012976759070356065081308044506,
1247618932772010840842103137643657864941682178391,
178329175333495776014141355470832734603575014142,
1000114780355419002345997228064115287251344102351,
331268294491917554307655696702905053274051661196,
448915990844656167939082530039617218069031234514,
1228913119977455411113409402161971132745077348176,
1020472393378637864103453595388475529081541276569,
745669980810207466382887880521547416378394527457,
1291285304590540321754602814557920726994564381250,
616908136976612050659548991864102384914714329042,
391329313578215297038785748003632322112392086206,
1243679153509161136997780770146182690576440140989,
796844272576048370056435670676330654184520279901,
944704185770789966266697854089082068922560750629,
277582332660234835558747193391053193745881946825,
538617463910431325293511966162065431878750850351,
614879240150843912775054280447771891344214263325,
1245750613756527566750329461409010261453632527790,
852492344203243150885402061388411550277700499335,
672783004368653437943102591953511956699906906371,
1439183880179295645143434439570332699938100072709,
495119321365524088620355945312038131199399690014,
486482869510072861479176483109629979240473796652,
1237360298500494094149951818189350984423946839381,
443610195568211038812970357595030622968374420898,
1418595233978378614283279447943708277891182199543,
135703184131464492106173722148008223033748643321,
468628649581629705225036423407255551731237031683,
1257821831305836561345108609806538988372437823406,
262464496517380201213022839813027648655554980875,
293476430502529157428283694312034831553721817623,
1039059657897736972250857529892277328174457540802,
1560191612061568462943625371052115655007190475,
983579568201977716988897310911639983351304133766,
481755403451190546846347461344773844348105043944,
1035395860933286682610376152618823612065992501678,
412750769637689236462153667632075792263871609314,
1219053641336663243691293874344108993419117022128,
1087741961245125908659730081719825657450855190591,
1115356890225805284349816087621135185403293190531,
253848664888731759624047296438401156292294736413,
828673075946069048881345129275807847353798776168,
994175665139423367657252696090113838845679823525,
443970822819678662056420121791771405776746312956,
1259328313964158534521037773153175471406912777295,
1265338802942741391994196334022922933406969272784,
533241763619273621541010862454655014004011821474,
63340929375685721740217301288609184148466088287,
1335715544847073157036927707382017374210192840077,
152476419197478920060195406823178180522667407675,
1190391752653365220144154811871978045497907388890,
775272969306762324996113013195278990178530048092,
1298304557702487648523380264060348521080426614703,
1296607708720664633042643569404729276505994333760,
1288750057259837867645237836764166643582029893457,
955118252488069167329901380922199426164197929132,
547783211550645800108233247012647107622810192433,
679204052677074114717689441210019033339026871911,
268425460803422792400030411852022499520893838816,
980107769721129554284344563340526491566502317964,
153573628443872427683256022259316517450375619763,
668221616412945021223612252474772228334198358907,
1161720732486404884224935037987114169543610419155,
754721982739012357702803954394890756486027487409,
871518996491974868015567791727120826465785048894,
616811408637370671769737100224407150590007028588,
198798788111930457128718422972850042388713894012,
760028525483928453036549691311957271700321633423,
162868921430817296650953767205414145903614333799,
621294255908770505603031344407215346665118743167,
842515437694063395197870975811895715770628548193,
104001868976678226228411142048911148791642866260,
410942368591316762689326814038835098186270700881,
65981351115392274803664172801544190636418424639,
822726587920959876363781243861823675800706725087,
404463302525000988776981906621154731089774628069,
728376805744505386724800069541148813292084295127,
140752430759960462696789910529496254369033802454,
1065037389619186458381810725107586210938815776748,
1229826582253005971913302210461783993850802450912,
188561885552323006896963414302191301183131596671,
482450930530193672729098173051837993491014292652,
726202121102133261116300228947692890405696233849,
632077207712401670429022081950910885254038761967,
67939843071428216057684977738884438759465225361,
1331129267747849685000111478532895153141751716149,
1460912006789389559959339798565290264737449613281,
84427711719418234268224778685403824405581820735,
1340156218140859218145749367710708563228561297323,
720965724917357327222316463987494753441594456538,
530533292801953426226106353941329461355074645846,
618876128969643368682700730847928922280305679053,
602195313350155530821274792174458447979134934489,
531199799545397958718756428202558171012781135248,
1348492310181934628255923418178376506803610587989,
848818086691189020788791965593818637734574474456,
731836180376055930093549775405942673368598432026,
732930975600334445676121255944733356269475610722,
591369918651862296310076365185070384486045984255,
156795896992240363055617362477824339661715205829,
349258229269163991069116622638396239704104085679,
962831112459198999168173236864482803953280507964,
844399782282795287696550894563771887871563939562,
144626405511933125486480748619019735572020715402,
622942664511612285091808492416824979568253741915,
1288437662514213252325615378274394105775722805508,
157888053288426344965546040073981854639873830121,
1008985453722072998574036455917175386111269409481,
633988082089655483282437422841844914932905911124,
831283447827940479753622933817105466333382712786,
378226077906930935468839772309812970450159224057,
957950866117325672246652044514077598354023507230,
64600687834944689913201720069655557182361420182,
19868865752600591604105334464921060244125140165,
476402796270334312637618050348221823293791718069,
457262058311164449107377114242169895015535030771,
384092252705830808454024260696993799139002174479,
1024118738694703193899099818272971181360337816928,
317112052558327423068643399786694763854469066271,
1207587830090522177327794745228156326721313225135,
106550767849463933308941463940862164153661614562,
302351657307671519589537905730613537586399528853,
578586214507784300665368367640111505139861896620,
145914187369042420435591283884390828559232787671,
1247704468159317417309065872125692669465182469100,
911020831100808008209625807664226377008768687427,
699286857875946972724865667803755517431496667429,
887933197937758236415790547865953081106058728220,
945065656104572054831144989046605955689582294053,
1412126255146790725912048061178591888955571378890,
2959571456273893359599709333157579794246008980,
1358806022500960709577389548664862437881730009457,
340337123679878596074035628567995786411353340037,
844919789507646137508516917923120816518969095500,
975841298922027541495450507404695639415547790425,
1332101032329403036705250747739530301582961766226,
832568424917146022408323724752883078909587393747,
1205495477375852461077447089841799821888083220424,
459039447611433889671910050966708044517690897457,
680829247552970714471301548893576848783924509344,
1205207509740149338600794633600087843174252841517,
111810792832929900243117596544636417912516243631,
312814756991482944396363258654915687625880119988,
268340757913566040348253446670555416377829460342,
441881412940506812779500741278289277371057067078,
281883983900213376268136808703881697848185990262,
150595899847559466842477549941733812592143659545,
561486878323036018112449890487716233279071963612,
223184261520871745763402633171408443918735074982,
707226464506560818759322412414503850882935653903,
819424670163963479824233050799491878629549700289,
1142891162870475265889124218069882654522576770250,
152266091024423766001566995031314935898204458710,
195837004907441568491816618184990383539912224220,
671826563946648684800593593208369917933832079252,
88581654085661074780473386871207429146757195587,
157991775143792104923179023119902056058142072256,
563815869781491388224354068067682309586086239131,
335052113580128671683356939026195055369367705091,
659771869737598591823189184908385718884907306576,
883661788831226432753794214414492446225510113049,
778015643309312578742780602039668001793203552311,
1099238381692485158169699909440950814869768496597,
77738816918716269462151629610561316507077735311,
1407054817028297073080054553921788811329557500342,
981024609846661991296976570204322317439037355483,
646466668952565643100709565013935824264808176402,
456487173164522146579332360604885989680208297149,
66798195752752363889193693000426490492764944872,
990006704366962458568283172478843018614573828159,
117175642874452170327453008138817039794765160254,
8867689757541458978991199189801321820341075705,
1109414720591771955011796841205635892333100907071,
796043690642563934650509578839153497850547052960,
196840832657370137867559342010338372031279133098,
1105122034050327419674372849684963883776884275698,
10531802331140775049034034330493201857354761248,
1207603740380463103285389028759514900112080781303,
682221271430528098546699678340440797878085965405,
990399464426947008809664902807977089260830186353,
223469237990034510885559733948794539231664411176,
715396119984224134701199757657973264585603833719,
738505751895823518676315378553796399299120559522,
1314629553153396620729964239926506590565562708165,
1256173432849154206970158468048795823880677937181,
717033196273019523738547315011285505862537985547,
103327937344750953185570797287754535820743388789,
1104934558665233107162294914656990012493840916090,
433474235013982889286910193332583078443287964653,
561336016522248551330821209888418817989483638637,
1186465569502999236629930686102761294940116057158,
228275318829224702183882105804839099695401548584,
916676902162566392435298940708894695229693150906,
380762972096566544793655399695582009863631476657,
699347842267118688172039003332662510692983546491,
426822759243945113678157321673667771041686535969,
142273822870571142188228496973913663304072803944,
770100547184670833421197576558106444344943709272,
878887415921429699433628539944704843459013254762,
1148503648391672129117675824354294119472485387145,
146594918350137268869972185016352935170980953744,
111282631730944750041558824257487071425759520957,
989789542989312182367360896145863769623092489214,
167412217124047093168194624907698127729248372689,
717041647665302472494937205972987922517409756436,
754703695111662137286330168704468672347615139784,
209559162311451086964322131223193677033821584872,
851163739068276560535933636148714355647553263489,
405574194286840533624175934712656062654064717787,
507111206322542317891109580048111055840311373371,
765242195112625687228834383470512371557378981134,
63598101662380283183316112290195543725849071654,
778679606565399303430439443235626213542197788925,
1078560475805106260772130732290890656143522851988,
396925782456744375101460567698099856309576010762,
295460854271254902126946335008681143858032058782,
166977926133143449280773784733188843532771994295,
1143953259267401314942819223509031528082872382636,
967134540529976880066237295430933738251491248206,
93110087441072645180260232786155980204152697048,
829740722694160069985830819995923786643618287651,
736058008419954991524871569259394860757078058333,
804463045019480835612957908127251123269622789174,
1283362831631681117823151056059697109578402990068,
